0.00011682 0.01684116 0.03418367 0.05511343 0.00082746 0.00815287 0.01713807 0.00158190 0.04271620 0.00081772 0.01251405 0.06928727 0.02253601 0.22254671 0.00020443 0.02080322 0.00000973 0.08739882 0.10307668 0.13717760 0.01225608 0.02194705 0.01052329 0.00024824 0.02640071 0.00187394 0.07370686
0.09257014 0.00661009 0.00011546 0.00046184 0.32883039 0.00000000 0.00000000 0.00005773 0.02950006 0.00505138 0.00000000 0.10492437 0.00199169 0.00037525 0.11791364 0.00000000 0.00000000 0.05712389 0.01388408 0.00741831 0.15237848 0.00132779 0.00057730 0.00000000 0.07360582 0.00000000 0.00528230
0.10979253 0.00000000 0.01713978 0.00014691 0.21460636 0.00000000 0.00000000 0.18349358 0.04206591 0.00000000 0.04283312 0.03272882 0.00003265 0.00000000 0.20951339 0.00000000 0.00190986 0.03380617 0.00161604 0.06748176 0.02760321 0.00000000 0.00014691 0.00000000 0.00506032 0.00008162 0.00994107
0.02116004 0.00065095 0.00010145 0.01103230 0.11644363 0.00095529 0.00369434 0.00066786 0.06616000 0.00199511 0.00058332 0.01064342 0.00267988 0.00287432 0.04478016 0.00005918 0.00038888 0.03026486 0.02016248 0.00061713 0.00942607 0.00270524 0.00054105 0.00000000 0.01006856 0.00001691 0.64132760
0.04254630 0.00087659 0.01748095 0.09115884 0.02576725 0.01012206 0.00686661 0.00234075 0.01112251 0.00026996 0.00090200 0.03325002 0.02273095 0.08441610 0.00524047 0.01091924 0.00080989 0.13927910 0.06506446 0.02472869 0.00101316 0.01746190 0.01024275 0.00995373 0.01198957 0.00060027 0.35284590
0.07065039 0.00052833 0.00067408 0.00010931 0.08427765 0.05170341 0.00001822 0.00016396 0.08515212 0.00001822 0.00014575 0.02204409 0.00005465 0.00010931 0.14760430 0.00018218 0.00000000 0.10329750 0.00404445 0.03922390 0.03392239 0.00000000 0.00054655 0.00000000 0.00154855 0.00000000 0.35398069
0.06636272 0.00003897 0.00009742 0.00099369 0.11478061 0.00021432 0.00870938 0.11620295 0.04880758 0.00000000 0.00001948 0.02893383 0.00037020 0.01815915 0.06077079 0.00007794 0.00001948 0.05367859 0.01747720 0.00453979 0.02606968 0.00000000 0.00046762 0.00000000 0.00188995 0.00011690 0.43120178
0.16394071 0.00040111 0.00038315 0.00037118 0.45050767 0.00041907 0.00001796 0.00007783 0.15563711 0.00000000 0.00057473 0.00091597 0.00226897 0.00070045 0.08217390 0.00005388 0.00000000 0.00766901 0.00113149 0.02517421 0.00957877 0.00002993 0.00024546 0.00000000 0.00535813 0.00000000 0.09236931
0.01676518 0.00772361 0.04912721 0.04996748 0.04864376 0.02155358 0.02470749 0.00003453 0.00137552 0.00000000 0.00752217 0.04873009 0.05722491 0.27872325 0.04280789 0.00486898 0.00015539 0.03410013 0.12654746 0.12352592 0.00074819 0.02004570 0.00004029 0.00167479 0.00000576 0.00341289 0.02996783
0.03846154 0.00000000 0.00000000 0.00000000 0.21950272 0.00000000 0.00000000 0.00000000 0.00427350 0.00000000 0.00000000 0.00000000 0.00000000 0.00000000 0.27816628 0.00000000 0.00000000 0.00000000 0.00000000 0.00000000 0.45959596 0.00000000 0.00000000 0.00000000 0.00000000 0.00000000 0.00000000
0.02850705 0.00058777 0.00244906 0.00014694 0.27757641 0.00083268 0.00078370 0.04036050 0.16668299 0.00000000 0.00004898 0.01665361 0.00146944 0.10144005 0.02929075 0.00014694 0.00000000 0.00475118 0.03771552 0.00034287 0.03316027 0.00063676 0.00435933 0.00000000 0.00489812 0.00000000 0.24715909
0.07975301 0.00084954 0.00077702 0.07168240 0.17752246 0.02397356 0.00095314 0.00014504 0.09858790 0.00000000 0.01090932 0.13688965 0.00412337 0.00127431 0.08654932 0.00401977 0.00001036 0.00486931 0.01697005 0.01713581 0.01576826 0.00438238 0.00495219 0.00000000 0.10368513 0.00025901 0.13395771
0.15331084 0.01761671 0.00060020 0.00006489 0.24626091 0.00223859 0.00001622 0.00025955 0.08226000 0.00000000 0.00009733 0.00264413 0.02241832 0.00379587 0.10902573 0.05573760 0.00000000 0.00134640 0.03122668 0.00121662 0.02712260 0.00000000 0.00021088 0.00000000 0.03985660 0.00000000 0.20267333
0.03016301 0.00085249 0.05012326 0.18777082 0.08058491 0.00496834 0.13570909 0.00084163 0.03377931 0.00065159 0.00810139 0.01172855 0.00078190 0.01060999 0.06889980 0.00055385 0.00131403 0.00042353 0.03671145 0.09333427 0.00526699 0.00408870 0.00071131 0.00044525 0.01135932 0.00011946 0.22010577
0.00721831 0.00465145 0.00757093 0.01586783 0.00262390 0.08773977 0.00399807 0.00189273 0.01164678 0.00062745 0.01761018 0.04023999 0.05739902 0.14379573 0.03734644 0.01584190 0.00012964 0.10267938 0.03510109 0.05198011 0.12210970 0.03574410 0.05146155 0.00073116 0.00386325 0.00061190 0.13951764
0.10490424 0.00026569 0.00281191 0.00004428 0.18762316 0.00221410 0.00022141 0.00925495 0.09303664 0.00000000 0.00039854 0.09345732 0.00059781 0.00019927 0.10545777 0.05820879 0.00000000 0.17391786 0.02391232 0.04007528 0.02583859 0.00000000 0.00050924 0.00000000 0.00732868 0.00000000 0.06972213
0.00000000 0.00000000 0.00000000 0.00000000 0.00000000 0.00000000 0.00000000 0.00000000 0.00000000 0.00000000 0.00000000 0.00000000 0.00000000 0.00000000 0.00000000 0.00000000 0.00000000 0.00000000 0.00000000 0.00000000 0.99957082 0.00000000 0.00000000 0.00000000 0.00000000 0.00000000 0.00042918
0.05675440 0.00148589 0.00998251 0.02954228 0.24091072 0.00305959 0.00948271 0.00152642 0.09142977 0.00002026 0.00624751 0.00857766 0.01983669 0.01734444 0.09991287 0.00368772 0.00009456 0.03331780 0.05860502 0.03127132 0.02053911 0.00476162 0.00203297 0.00000000 0.03883587 0.00055383 0.21018648
0.05186258 0.00270732 0.01372689 0.00053410 0.10785060 0.00190924 0.00030081 0.06666994 0.05755961 0.00002456 0.01323576 0.00747121 0.01040567 0.00276257 0.05533728 0.01990890 0.00103750 0.00017803 0.05960391 0.10955111 0.02427989 0.00048498 0.00437713 0.00000000 0.00231442 0.00003683 0.38586916
0.03945459 0.00014600 0.00289340 0.00001770 0.08313425 0.00083174 0.00005751 0.32636087 0.06203546 0.00001327 0.00004867 0.01335209 0.00138476 0.00081847 0.10950219 0.00020351 0.00000000 0.02507167 0.02154120 0.01956360 0.01602428 0.00007963 0.00523377 0.00000442 0.01387857 0.00060611 0.25774227
0.02023568 0.01392349 0.03142337 0.02188632 0.02913081 0.00507420 0.05014596 0.00071834 0.02688410 0.00001528 0.00383622 0.09705177 0.02089288 0.13420654 0.00227728 0.04245824 0.00001528 0.12399700 0.13656024 0.16828929 0.00003057 0.00187990 0.00003057 0.00065720 0.00032096 0.00935365 0.05870486
0.06880018 0.00003717 0.00000000 0.00037169 0.54196402 0.00000000 0.00011151 0.00003717 0.17696253 0.00000000 0.00033452 0.00799138 0.00000000 0.01981118 0.05567945 0.00000000 0.00000000 0.00323372 0.02285905 0.00022302 0.00081772 0.00003717 0.00026018 0.00000000 0.00405144 0.00000000 0.09641689
0.20555696 0.00018580 0.00037159 0.00621569 0.13100245 0.00081074 0.00011823 0.20143569 0.16931002 0.00000000 0.00106410 0.00339498 0.00008445 0.03758129 0.07764547 0.00003378 0.00000000 0.00893506 0.01459336 0.00035470 0.00050671 0.00000000 0.00043915 0.00000000 0.00069251 0.00000000 0.13966726
0.08300493 0.00000000 0.14852217 0.00000000 0.07758621 0.00024631 0.00000000 0.01477833 0.09876847 0.00000000 0.00000000 0.00098522 0.00049261 0.00000000 0.00123153 0.33374384 0.00098522 0.00000000 0.00147783 0.11600985 0.00418719 0.02068966 0.00000000 0.01945813 0.00147783 0.00000000 0.07635468
0.02933039 0.00335019 0.00371763 0.00038905 0.05613193 0.00326374 0.00025937 0.00058358 0.02444560 0.00002161 0.00084295 0.00492802 0.00365279 0.00123201 0.12938227 0.00129685 0.00000000 0.00242078 0.03389098 0.01830718 0.00129685 0.00054035 0.00207496 0.00000000 0.00021614 0.00021614 0.67820862
0.05739422 0.00000000 0.00041894 0.01131127 0.30708002 0.00000000 0.00000000 0.06451613 0.10263930 0.00000000 0.00167574 0.01801424 0.02681190 0.00712191 0.26476749 0.00000000 0.00000000 0.00000000 0.00083787 0.00041894 0.05488060 0.00125681 0.00041894 0.00000000 0.00586510 0.01968999 0.05488060
0.12312137 0.04451006 0.03686277 0.03052543 0.02081054 0.03781691 0.01736218 0.08815449 0.05436126 0.00293146 0.00713747 0.02337026 0.03456327 0.02671418 0.06033039 0.03351708 0.00252431 0.02679207 0.07218900 0.15494790 0.00996449 0.00694452 0.07193409 0.00042131 0.01193119 0.00026199 0.00000000
